175258352 
283603472 
293351488 
488304113916561 
57346465 
76025377 
293251857 
3755778 
206060498 
227412050 
284566386 
168635891 
180706739 
96117370333836131 
41824164 
169164340 
190571028 
230469268 
239329972 
23317333 
68801957 
172102437 
194198357 
203470981 
209408517 
261120165 
280957829 
168389158 
181608918 
197547526 
209531318 
240463110 
268093558 
25911895 
38392007 
174085495 
175371943 
178086327 
187139975 
192004471 
222171815 
270498055 
96002866061810855 
89343128 
168285192 
173098264 
182846280 
48457017 
106643785 
179679450 
304408346 
297710427 
22695308 
38017436 
182938908 
38019293 
233790189 
245202493 
254761725 
91672590 
300774254 
197424623 
238028783 
302096095 